0.10000000000000001 1
0.20000000000000001 1
0.30000000000000004 1
0.40000000000000002 1
0.5 1
0.59999999999999998 1
0.69999999999999996 1
0.79999999999999993 1
0.89999999999999991 1
0.99999999999999989 1
1.0999999999999999 1
1.2 2
1.3 2
1.4000000000000001 4
1.5000000000000002 5
1.6000000000000003 8
1.7000000000000004 14
1.8000000000000005 16
1.9000000000000006 20.3474
2.0000000000000004 20.6405
2.1000000000000005 21.3557
2.2000000000000006 21.8194
2.3000000000000007 22.4525
2.4000000000000008 22.9377
2.5000000000000009 23.37
2.600000000000001 23.9621
2.7000000000000011 24.4172
2.8000000000000012 24.9845
2.9000000000000012 25.3819
3.0000000000000013 25.8119
3.1000000000000014 26.3491
3.2000000000000015 26.7262
3.3000000000000016 27.2821
3.4000000000000017 27.6464
3.5000000000000018 28.0417
3.6000000000000019 28.5369
3.700000000000002 28.8854
3.800000000000002 29.4004
3.9000000000000021 29.7388
4.0000000000000018 30.1066
4.1000000000000014 30.5684
4.2000000000000011 30.8939
4.3000000000000007 31.376
4.4000000000000004 31.6932
4.5 32.0386
4.5999999999999996 32.442
4.6999999999999993 32.7795
4.7999999999999989 33.204
4.8999999999999986 33.5338
4.9999999999999982 33.8308
5.0999999999999979 34.2423
5.1999999999999975 34.5622
5.2999999999999972 34.9651
5.3999999999999968 35.2784
5.4999999999999964 35.5609
5.5999999999999961 35.9526
5.6999999999999957 36.2573
5.7999999999999954 36.6416
5.899999999999995 36.9407
5.9999999999999947 37.2105
6.0999999999999943 37.585
6.199999999999994 37.8766
6.2999999999999936 38.2446
6.3999999999999932 38.5053
6.4999999999999929 38.79
6.5999999999999925 39.1494
6.6999999999999922 39.4294
6.7999999999999918 39.783
6.8999999999999915 40.0337
6.9999999999999911 40.3076
7.0999999999999908 40.6535
7.1999999999999904 40.9233
7.2999999999999901 41.2641
7.3999999999999897 41.5058
7.4999999999999893 41.77
7.599999999999989 42.0802
7.6999999999999886 42.3645
7.7999999999999883 42.6703
7.8999999999999879 42.9274
7.9999999999999876 43.183
8.0999999999999872 43.5061
8.1999999999999869 43.7354
8.2999999999999865 44.0544
8.3999999999999861 44.3035
8.4999999999999858 44.5511
8.5999999999999854 44.8643
8.6999999999999851 45.0867
8.7999999999999847 45.3963
8.8999999999999844 45.638
8.999999999999984 45.8784
9.0999999999999837 46.161
9.1999999999999833 46.3987
9.2999999999999829 46.6996
9.3999999999999826 46.9133
9.4999999999999822 47.1684
9.5999999999999819 47.4433
9.6999999999999815 47.6746
9.7999999999999812 47.9674
9.8999999999999808 48.1755
9.9999999999999805 48.424
